0.000000 0.000000 30.000000 0.000000 5
30.000000 0.000000 30.000000 10.000000 5
10.000000 10.000000 30.000000 10.000000 4
10.000000 10.000000 20.000000 40.000000 5
20.000000 40.000000 30.000000 10.000000 5
30.000000 10.000000 30.000000 20.000000 5
30.000000 20.000000 40.000000 20.000000 5
40.000000 0.000000 40.000000 20.000000 8
40.000000 0.000000 60.000000 0.000000 5
60.000000 0.000000 60.000000 50.000000 5
0.000000 50.000000 60.000000 50.000000 2
0.000000 0.000000 0.000000 50.000000 2
50.000000 30.000000 50.000000 40.000000 12
30.000000 40.000000 50.000000 40.000000 5
30.000000 40.000000 50.000000 30.000000 12
30.000000 0.000000 40.000000 0.000000 8